[[ 6.92568609e-01  4.20289855e-01  5.93894542e-01  2.08140611e-01
   1.02682701e-01  5.18501388e-01  4.79494295e-02  8.07893925e-02
   6.39993833e-01  8.77274129e-02  9.72864632e-02  4.62534690e-02
   5.09575021e-18  8.32562442e-03  6.78384212e-03  3.85445575e-03
   9.25069380e-04  1.38760407e-03  4.77952513e-03  2.92938637e-03
   3.33024977e-02  4.77952513e-02  2.93863706e-01  3.63860623e-02
   2.05673759e-01  1.25038545e-01  3.31765865e-17  5.75084798e-02
   1.71446192e-01  3.40733888e-02  6.16712920e-04  9.38791243e-01
   3.08356460e-03  1.11008326e-02  6.47548566e-03  5.85877274e-03
   4.51742214e-02  1.54178230e-04  1.29663891e-01  2.64569843e-01
   1.66512488e-02  1.17175455e-02  3.39192106e-02  1.23342584e-02
   1.36175793e-16  2.40363861e-01  2.91396855e-02  1.33364169e-01
   3.68485970e-02  4.60992908e-02  8.75578168e-01  4.33240826e-02
   3.70027752e-03  3.70027752e-03  1.41843972e-02  5.95127968e-02
   3.54609929e-03  3.23774283e-02  4.27073697e-02  2.77520814e-03
   9.18593895e-01  6.05920444e-02  9.39407956e-01  1.07924761e-03
   4.62534690e-03  2.62102991e-03  3.08356460e-04  3.70027752e-03
   9.97465999e-18  6.16712920e-04  1.23342584e-03  3.54609929e-03
   1.38760407e-03  6.01295097e-03  9.25069380e-04  1.54178230e-04
   6.16712920e-04  8.94466792e-19  1.54178230e-04  9.25069380e-04
   3.08356460e-04  5.39623805e-03  2.77520814e-03  6.16712920e-04
   2.77520814e-03  1.38760407e-03  2.92938637e-03  1.54178230e-04
   4.31699044e-03  3.08356460e-04  5.09575021e-18  3.08356460e-04
   8.01726796e-03  1.54178230e-03  3.08356460e-04  1.38760407e-03
   3.08356460e-04  1.85013876e-03  2.62102991e-03  4.62534690e-04
   3.08356460e-04  9.32778292e-01  4.62534690e-04  7.70891150e-04
   1.77635684e-15  1.00000000e+00]
 [ 5.40296770e-01  4.26098342e-01  2.21850451e-01  5.54262438e-02
   3.38958394e-02  3.42595287e-01  2.16758801e-02  6.43002619e-02
   6.97119581e-01  3.52051207e-02  1.44311900e-01  3.66598778e-02
   7.27378528e-04  3.59324993e-02  3.72417806e-02  1.09106779e-02
   8.72854233e-03  1.73116090e-02  3.91329648e-02  2.57491999e-02
   2.73494326e-02  4.74250800e-02  1.06924644e-01  5.81902822e-03
   4.06168170e-01  2.69130055e-02  2.03665988e-03  7.41926098e-03
   1.94937445e-01 -3.33066907e-15  7.27378528e-04  9.99272621e-01
  -1.71737624e-16 -4.32986980e-15  2.60208521e-16 -1.63064007e-16
   5.04800698e-02  2.90951411e-04  2.45708467e-01  9.77596741e-02
   6.66278731e-02  5.26622054e-02  9.57230143e-02  6.38638347e-02
   1.45475706e-04  7.53564155e-02  2.82222869e-02  1.03724178e-01
   2.02211231e-02  9.92144312e-02  9.86907186e-01  5.81902822e-04
   8.72854233e-03  3.78236834e-03  1.05471187e-15 -6.52256027e-16
   1.07652022e-02  2.73494326e-02  5.55717195e-02  9.01949374e-03
   8.97294152e-01  1.45475706e-04  9.99854524e-01  5.81902822e-04
   2.90951411e-03  3.34594123e-03  2.18213558e-03  2.90951411e-03
   1.89118417e-03  1.16380564e-03  3.34594123e-03  2.03665988e-03
   4.36427117e-04  3.05498982e-03  1.74570847e-03  1.89118417e-03
   8.72854233e-04  8.60585474e-19 -6.50521303e-18  5.81902822e-04
   4.36427117e-04  4.36427117e-03  1.16380564e-03  5.81902822e-04
   3.63689264e-03  1.89118417e-03  1.60023276e-03  8.72854233e-04
   3.54960722e-02  1.45475706e-03  2.90951411e-04  8.72854233e-04
   4.94617399e-03  2.32761129e-03  1.89118417e-03  3.49141693e-03
   1.45475706e-04  2.61856270e-03  1.16380564e-03  2.90951411e-04
   7.27378528e-04  8.97439628e-01  2.47308699e-03  8.72854233e-04
   1.00000000e+00 -1.52655666e-15]
 [ 2.38342677e-01  4.85710379e-01  2.49282100e-01  3.97921510e-02
   3.21345549e-02  2.64597292e-01  2.39299877e-02  4.71762615e-02
   8.02269930e-01  2.02379324e-02  6.94653357e-02  3.63735813e-02
   5.46971147e-04  3.65103241e-02  5.12785451e-02  2.10583892e-02
   5.74319705e-03  1.18966225e-02  1.69561056e-02  1.92807329e-02
   3.09038698e-02  3.44591823e-02  1.43579926e-01  4.64925475e-03
   3.51018734e-01  2.84424997e-02  2.32462738e-03  7.24736770e-03
   2.34650622e-01  1.87200875e-01  3.36102673e-18  2.46137016e-03
   2.22890743e-02  7.30616710e-01  4.38944346e-02  1.35375359e-02
   7.86271024e-02  8.20456721e-04  1.75167510e-01  7.53452755e-02
   4.88171749e-02  1.02010119e-01  7.31573909e-02  1.27034049e-01
   9.57199508e-04  9.06604677e-02  2.51606728e-02  1.06385888e-01
   2.88527280e-02  6.70039655e-02 -1.06026299e-14  5.30151784e-01
   5.78421988e-02  3.35977027e-01  7.60289895e-02 -6.59194921e-16
   1.14863941e-02  2.91262136e-02  1.03924518e-01  9.02502393e-03
   8.46437850e-01 -3.44169138e-15  1.00000000e+00  6.83713934e-04
   3.55531246e-03  1.77765623e-03  2.05114180e-03  1.64091344e-03
   2.73485574e-03  8.20456721e-04  4.92274033e-03  2.87159852e-03
   6.83713934e-04  1.91439902e-03  8.20456721e-04  3.96554082e-03
   2.05114180e-03  2.84603070e-19  6.83713934e-04  6.83713934e-04
   2.73485574e-04  3.28182688e-03  1.50417065e-03  1.23068508e-03
   9.57199508e-04  2.18788459e-03  1.77765623e-03  4.10228360e-04
   2.87159852e-02  1.36742787e-03  6.83713934e-04  1.09394229e-03
   4.51251196e-03  1.91439902e-03  9.57199508e-04  3.96554082e-03
   4.10228360e-04  2.32462738e-03  1.23068508e-03  4.10228360e-04
   1.36742787e-04  9.05510734e-01  3.00834131e-03  2.73485574e-04
   9.58566936e-01  4.14330644e-02]
 [ 1.30454860e-01  4.42622951e-01  3.39182637e-01  3.57885015e-02
   2.86308012e-02  1.46155622e-01  2.44747172e-02  6.23412607e-02
   8.36065574e-01  7.15770030e-03  2.19348880e-02  4.80258601e-02
   4.01154804e-18  2.51673978e-02  4.98730085e-02  1.73170169e-02
   3.46340337e-03  5.54144539e-03  6.23412607e-03  8.08127453e-03
   3.60193951e-02  4.01754791e-02  1.99953821e-01  7.61948742e-03
   2.52597553e-01  4.73331794e-02  2.30893558e-03  8.08127453e-03
   2.90233202e-01  2.30893558e-04  1.73472348e-18  3.69429693e-03
   1.06211037e-02  9.74832602e-01  9.23574232e-03  1.38536135e-03
   2.53059340e-01  1.51788304e-18  1.57007619e-02  8.98175941e-02
   4.84876472e-03  1.89332718e-02  4.64096052e-02  1.92565227e-01
   1.26991457e-02  1.52389748e-01  8.77395521e-03  1.60240129e-01
   3.71738628e-02  7.38859386e-03 -8.77076189e-15  4.46086354e-01
   4.68713923e-02  4.07296236e-01  9.97460171e-02 -5.75928194e-16
   7.61948742e-03  3.30177788e-02  1.43615793e-01  9.92842300e-03
   8.05818518e-01  1.00000000e+00  1.59872116e-14  2.30893558e-04
   2.53982914e-03  6.92680674e-04  2.07804202e-03  2.53982914e-03
   3.46340337e-03  6.92680674e-04  3.92519049e-03  2.07804202e-03
   9.23574232e-04  4.38697760e-03  2.30893558e-04  2.53982914e-03
   9.23574232e-04  2.30893558e-04  2.30893558e-04  4.61787116e-04
   4.61787116e-04  1.15446779e-03  2.30893558e-04  6.92680674e-04
   9.23574232e-04  5.77233895e-03  1.61625491e-03  6.92680674e-04
   1.52389748e-02  1.61625491e-03  6.92680674e-04  1.38536135e-03
   6.92680674e-03  1.84714846e-03  9.23574232e-04  2.77072270e-03
  -5.63785130e-18  1.38536135e-03  1.15446779e-03  9.23574232e-04
   1.15446779e-03  9.20572616e-01  3.46340337e-03  2.30893558e-04
   9.63287924e-01  3.67120757e-02]
 [ 6.66860578e-01  4.03529184e-01  2.39286407e-01  5.68159783e-02
   3.27709909e-02  1.76653093e-01  3.91700601e-02  9.42408377e-02
   7.47333721e-01  1.62885398e-02  5.29377545e-02  4.90595307e-02
   9.69555943e-04  2.77293000e-02  3.02501454e-02  9.30773706e-03
   5.42951328e-03  9.50164825e-03  2.05545860e-02  1.60946287e-02
   4.30482839e-02  4.75082412e-02  9.44347489e-02  6.20515804e-03
   3.98099670e-01  4.22726391e-02  7.75644755e-04  5.81733566e-03
   2.42970719e-01  5.08629048e-01  2.32693426e-03  2.08066705e-01
   2.73414776e-02  1.70641846e-02  1.03936397e-01  1.32635253e-01
   2.73414776e-01  3.03576608e-18  2.92805895e-02  1.28757029e-01
   8.72600349e-03  1.62885398e-02  6.82567384e-02  1.80337405e-01
   1.55128951e-02  1.23715338e-01  7.56253636e-03  1.03354664e-01
   3.14136126e-02  1.33798720e-02 -6.66133815e-15  3.16463060e-01
   3.47101028e-02  3.76187706e-02  4.13418654e-01  1.97789412e-01
   1.39616056e-02  2.73414776e-02  1.50475082e-01  8.14426992e-03
   8.00077564e-01  9.80414970e-01  1.95850301e-02  1.93911189e-04
   3.87822377e-03  2.32693426e-03  2.90866783e-03  4.84777972e-03
   3.68431258e-03  1.16346713e-03  3.10257902e-03  3.68431258e-03
   1.16346713e-03  6.78689160e-03  7.75644755e-04  1.74520070e-03
   2.52084545e-03  6.91178885e-19  9.69555943e-04  3.87822377e-04
   7.75644755e-04  1.16346713e-03  7.75644755e-04  7.75644755e-04
   2.71475664e-03  3.29649021e-03  1.74520070e-03  7.75644755e-04
   1.20224937e-02  7.75644755e-04  7.75644755e-04  1.55128951e-03
   7.56253636e-03  1.55128951e-03  1.55128951e-03  6.78689160e-03
   9.69555943e-04  3.49040140e-03  5.81733566e-04  9.69555943e-04
   9.69555943e-04  9.06534807e-01  1.35737832e-03  3.87822377e-04
   8.91409734e-01  1.08590266e-01]]