[[ 4.20051151e-01  4.21278772e-01  3.11304348e-01  5.38107417e-02
   3.41687980e-02  1.69207161e-01  3.16112532e-02  8.41943734e-02
   7.81687980e-01  1.26854220e-02  3.97953964e-02  4.95140665e-02
   5.11508951e-04  2.55754476e-02  3.78516624e-02  1.24808184e-02
   4.39897698e-03  7.05882353e-03  1.35038363e-02  1.21739130e-02
   4.03069054e-02  4.65473146e-02  1.55498721e-01  8.28644501e-03
   3.17749361e-01  5.18670077e-02  1.43222506e-03  8.79795396e-03
   2.56470588e-01  2.58721228e-01  1.22762148e-03  1.50792839e-01
   1.93350384e-02  4.41023018e-01  5.87212276e-02  7.01790281e-02
   2.56982097e-01  5.42101086e-18  2.19948849e-02  1.16624041e-01
   6.64961637e-03  1.67774936e-02  5.55498721e-02  1.79846547e-01
   1.38107417e-02  1.52429668e-01  7.77493606e-03  1.27570332e-01
   3.47826087e-02  9.20716113e-03  1.02301790e-04  3.64808184e-01
   3.94884910e-02  2.00511509e-01  2.51969309e-01  1.43120205e-01
   1.09462916e-02  3.00767263e-02  1.43120205e-01  8.90025575e-03
   8.06956522e-01  1.00000000e+00  2.47579734e-14  2.04603581e-04
   3.47826087e-03  1.84143223e-03  2.35294118e-03  3.88746803e-03
   3.47826087e-03  9.20716113e-04  3.37595908e-03  3.06905371e-03
   1.02301790e-03  5.52429668e-03  5.11508951e-04  2.04603581e-03
   1.84143223e-03  1.02301790e-04  6.13810742e-04  5.11508951e-04
   6.13810742e-04  1.12531969e-03  7.16112532e-04  7.16112532e-04
   1.84143223e-03  4.29667519e-03  1.84143223e-03  7.16112532e-04
   1.30946292e-02  1.22762148e-03  7.16112532e-04  1.43222506e-03
   7.36572890e-03  1.73913043e-03  1.22762148e-03  4.91048593e-03
   4.09207161e-04  2.55754476e-03  1.02301790e-03  1.02301790e-03
   1.02301790e-03  9.13043478e-01  2.25063939e-03  3.06905371e-04
   8.86854220e-01  1.13145780e-01]
 [ 2.70621542e-01  4.79732338e-01  2.68047870e-01  5.04439583e-02
   3.39724617e-02  2.79886758e-01  2.65088148e-02  4.88997555e-02
   7.91661305e-01  2.32917256e-02  7.21914811e-02  3.68035002e-02
   6.43417836e-04  3.48732467e-02  4.94144898e-02  2.08467379e-02
   5.66207695e-03  1.22249389e-02  1.66001802e-02  1.84017501e-02
   3.10127397e-02  3.43585124e-02  1.51203191e-01  5.91944409e-03
   3.41912238e-01  3.43585124e-02  2.44498778e-03  1.11954703e-02
   2.29571484e-01  2.10783683e-01  1.28683567e-04  8.87916613e-03
   2.27769914e-02  6.96692832e-01  4.52966156e-02  1.54420281e-02
   7.78535581e-02  7.72101403e-04  1.69990992e-01  8.53172050e-02
   4.73555527e-02  9.71560932e-02  7.10333290e-02  1.22378072e-01
   9.00784970e-04  9.81855617e-02  2.57367134e-02  1.07965513e-01
   2.85677519e-02  6.67867713e-02  1.28683567e-04  5.33522069e-01
   5.85510230e-02  3.20550766e-01  8.72474585e-02 -6.66133815e-16
   1.15815210e-02  2.94685369e-02  1.02174752e-01  8.87916613e-03
   8.47896024e-01 -3.21964677e-15  1.00000000e+00  7.72101403e-04
   3.34577274e-03  1.67288637e-03  2.18762064e-03  1.67288637e-03
   2.57367134e-03  9.00784970e-04  4.88997555e-03  3.08840561e-03
   6.43417836e-04  2.57367134e-03  7.72101403e-04  3.73182345e-03
   1.93025351e-03  3.45589442e-19  7.72101403e-04  6.43417836e-04
   2.57367134e-04  3.34577274e-03  1.54420281e-03  1.15815210e-03
   1.15815210e-03  2.18762064e-03  1.80156994e-03  3.86050701e-04
   2.86964355e-02  1.28683567e-03  6.43417836e-04  1.02946854e-03
   4.76129198e-03  1.80156994e-03  9.00784970e-04  3.73182345e-03
   5.14734268e-04  2.31630421e-03  1.15815210e-03  3.86050701e-04
   1.28683567e-04  9.05546262e-01  2.83103848e-03  2.57367134e-04
   9.21760391e-01  7.82396088e-02]
 [ 6.13872374e-01  4.24811732e-01  3.78676179e-01  1.23028141e-01
   6.57154182e-02  4.25525168e-01  3.39278637e-02  6.84898930e-02
   6.73166865e-01  6.09591756e-02  1.22790329e-01  4.03487911e-02
   3.17082838e-04  2.37019421e-02  2.32263179e-02  7.37217598e-03
   5.07332541e-03  9.82956797e-03  2.34641300e-02  1.52992469e-02
   2.95679746e-02  4.63733650e-02  1.86206897e-01  1.96591359e-02
   3.23186683e-01  6.76179152e-02  9.51248514e-04  2.92508918e-02
   1.89219184e-01  3.72572335e-03  6.34165676e-04  9.92627824e-01
   3.17082838e-04  1.35447209e-14  1.03051922e-03  1.66468490e-03
   4.78795085e-02  2.37812128e-04  1.97701149e-01  1.73523583e-01
   4.40745145e-02  3.41656758e-02  6.90447880e-02  3.98731669e-02
   7.92707095e-05  1.41498216e-01  2.91716211e-02  1.18668252e-01
   2.77447483e-02  7.63376932e-02  9.87792311e-01  1.10978993e-03
   3.80499405e-03  1.10978993e-03  5.62822037e-03  5.54894966e-04
   7.05509314e-03  2.94887039e-02  4.94649227e-02  5.94530321e-03
   9.08045977e-01  4.75624257e-04  9.99524376e-01  7.92707095e-04
   3.72572335e-03  2.93301625e-03  1.26833135e-03  3.25009909e-03
   1.03051922e-03  8.71977804e-04  2.29885057e-03  2.53666270e-03
   9.51248514e-04  4.28061831e-03  1.42687277e-03  1.10978993e-03
   7.13436385e-04 -5.35324823e-19 -2.22261445e-18  7.13436385e-04
   3.96353547e-04  4.99405470e-03  1.82322632e-03  6.34165676e-04
   3.25009909e-03  1.66468490e-03  2.14030916e-03  5.54894966e-04
   2.05311138e-02  8.71977804e-04  1.58541419e-04  6.34165676e-04
   6.26238605e-03  1.98176774e-03  1.18906064e-03  2.53666270e-03
   2.37812128e-04  2.21957987e-03  1.82322632e-03  3.17082838e-04
   5.54894966e-04  9.14863258e-01  1.58541419e-03  8.71977804e-04
   5.40705509e-01  4.59294491e-01]]