[[ 8.86610374e-02  4.52955368e-01  1.18817853e-01  2.26176116e-02
   2.05066345e-02  8.62484922e-02  1.74909530e-02  3.58866104e-02
   8.87213510e-01  5.42822678e-03  1.83956574e-02  3.55850422e-02
   3.90312782e-18  3.31724970e-02  6.51387214e-02  2.26176116e-02
   4.82509047e-03  6.93606755e-03  7.84077201e-03  1.02533172e-02
   2.83474065e-02  3.40772014e-02  4.85524729e-02  3.01568154e-04
   3.35946924e-01  6.93606755e-03  3.01568154e-03  6.03136309e-04
   3.91435464e-01  7.84077201e-03  6.03136309e-04  7.84077201e-03
   1.05548854e-02  9.56574186e-01  1.44752714e-02  2.11097708e-03
   2.91917973e-01  2.71050543e-18  1.86972256e-02  5.94089264e-02
   5.72979493e-03  2.41254524e-02  5.85042220e-02  2.45174910e-01
   1.59831122e-02  4.58383595e-02  8.44390832e-03  1.84861279e-01
   3.13630881e-02  9.95174910e-03 -8.04911693e-15  3.13329312e-01
   5.75995175e-02  5.15983112e-01  1.13088058e-01 -5.48172618e-16
   8.74547648e-03  3.04583836e-02  1.63148372e-01  1.08564536e-02
   7.86791315e-01  1.00000000e+00  1.44328993e-14  3.01568154e-04
   1.20627262e-03  2.42861287e-17  1.80940893e-03  1.20627262e-03
   4.82509047e-03  9.04704463e-04  5.42822678e-03  1.80940893e-03
  -2.02745806e-17  3.01568154e-03  6.03136309e-04  3.31724970e-03
   1.50784077e-03  3.01568154e-04  3.01568154e-04  6.03136309e-04
   6.03136309e-04  1.20627262e-03  6.03136309e-04  9.04704463e-04
   3.01568154e-04  7.23763571e-03  1.50784077e-03  9.04704463e-04
   1.80940893e-02  1.80940893e-03  3.01568154e-04  1.50784077e-03
   5.72979493e-03  1.20627262e-03  9.04704463e-04  3.31724970e-03
  -5.04154010e-18  1.50784077e-03  6.03136309e-04  6.03136309e-04
   1.20627262e-03  9.18878166e-01  3.61881785e-03  3.01568154e-04
   9.92159228e-01  7.84077201e-03]
 [ 5.33128939e-01  4.29909726e-01  9.21478453e-02  5.39942088e-02
   3.47470618e-02  3.23965253e-01  1.94174757e-02  5.65491398e-02
   7.21342190e-01  3.06591722e-02  1.41032192e-01  3.03185147e-02
   6.81314938e-04  4.20711974e-02  4.34338273e-02  1.24339976e-02
   1.02197241e-02  2.02691194e-02  4.56481008e-02  3.01481860e-02
   2.87855561e-02  5.21205927e-02 -2.49800181e-15  1.87361608e-03
   4.73684211e-01  6.47249191e-03  2.21427355e-03  2.89558849e-03
   2.27729518e-01 -1.69309011e-15  8.51643672e-04  9.99148356e-01
  -1.66533454e-16 -3.71924713e-15 -1.42247325e-16  8.67361738e-17
   4.95656617e-02  3.40657469e-04  2.75080906e-01  8.00545052e-02
   7.18787259e-02  5.91040709e-02  1.09180719e-01  7.01754386e-02
   1.17961196e-16  2.58899676e-02  2.99778573e-02  9.70873786e-02
   1.89064895e-02  1.12757622e-01  9.91142906e-01 -6.32827124e-15
   7.83512179e-03  1.02197241e-03  6.66133815e-16 -6.24500451e-16
   1.22636689e-02  2.09504343e-02  6.01260433e-02  8.68676546e-03
   8.97973088e-01  1.70328734e-04  9.99829671e-01  6.81314938e-04
   2.04394481e-03  2.72525975e-03  2.21427355e-03  2.89558849e-03
   2.04394481e-03  1.02197241e-03  3.40657469e-03  1.36262988e-03
   3.40657469e-04  2.72525975e-03  1.70328734e-03  2.21427355e-03
   1.02197241e-03  7.52165257e-19 -6.01732206e-18  5.10986203e-04
   5.10986203e-04  1.87361608e-03  5.10986203e-04  6.81314938e-04
   3.91756089e-03  1.70328734e-03  1.02197241e-03  1.02197241e-03
   4.00272526e-02  1.53295861e-03  3.40657469e-04  8.51643672e-04
   4.25821836e-03  2.38460228e-03  2.21427355e-03  3.74723216e-03
   1.70328734e-04  1.53295861e-03  5.10986203e-04  3.40657469e-04
   8.51643672e-04  9.00357690e-01  2.04394481e-03  6.81314938e-04
   1.00000000e+00 -1.47104551e-15]
 [ 3.89138817e-01  4.83611825e-01  3.79177378e-02  5.07712082e-02
   3.75964010e-02  3.32583548e-01  2.66709512e-02  3.75964010e-02
   7.93380463e-01  2.60282776e-02  9.25449871e-02  2.37789203e-02
   1.78893358e-18  4.14524422e-02  3.79177378e-02  1.73521851e-02
   1.06041131e-02  1.79948586e-02  2.31362468e-02  2.18508997e-02
   1.57455013e-02  1.83161954e-02  1.19348975e-15  3.21336761e-04
   4.86503856e-01  1.92802057e-03  5.14138817e-03  1.60668380e-03
   3.00128535e-01  3.44473008e-01  6.50521303e-18  1.92802057e-03
   3.75964010e-02  5.10604113e-01  7.71208226e-02  2.82776350e-02
   6.36246787e-02  9.64010283e-04  2.58033419e-01  7.35861183e-02
   5.26992288e-02  8.57969152e-02  9.35089974e-02  1.08290488e-01
   3.55618313e-17  3.18123393e-02  2.66709512e-02  9.22236504e-02
   1.92802057e-02  9.35089974e-02  2.83106871e-15  8.85604113e-01
   2.44215938e-02  5.78406170e-03  8.41902314e-02 -4.92661467e-16
   1.22107969e-02  1.76735219e-02  1.12467866e-01  8.99742931e-03
   8.48650386e-01  3.38618023e-15  1.00000000e+00  1.28534704e-03
   3.53470437e-03  9.64010283e-04  2.24935733e-03  1.92802057e-03
   3.53470437e-03  6.42673522e-04  5.14138817e-03  2.57069409e-03
   3.21336761e-04  2.57069409e-03  6.42673522e-04  4.49871465e-03
   2.24935733e-03  1.15196481e-19  9.64010283e-04  9.64010283e-04
  -1.08420217e-18  1.28534704e-03  1.60668380e-03  1.60668380e-03
   9.64010283e-04  1.92802057e-03  2.24935733e-03  6.42673522e-04
   3.30976864e-02  9.64010283e-04  9.64010283e-04  3.21336761e-04
   2.57069409e-03  2.89203085e-03  1.28534704e-03  5.78406170e-03
   3.21336761e-04  9.64010283e-04  1.30104261e-17  6.42673522e-04
   1.73472348e-18  9.04241645e-01  1.28534704e-03  3.21336761e-04
   9.41195373e-01  5.88046272e-02]
 [ 6.19258251e-02  4.85199047e-01  1.27254168e-01  2.17761143e-02
   2.07553590e-02  1.39843484e-01  1.42905750e-02  3.84484519e-02
   8.67301803e-01  1.15685607e-02  3.87887036e-02  2.79006465e-02
   1.70125893e-03  4.69547465e-02  8.71044573e-02  3.47056822e-02
   2.72201429e-03  9.86730180e-03  1.83735965e-02  2.48383804e-02
   2.38176250e-02  2.82408983e-02  6.29465805e-02  1.36100715e-03
   3.72575706e-01  8.50629466e-03  6.80503573e-04  2.38176250e-03
   2.74923443e-01  4.45729840e-02  5.42101086e-19  9.86730180e-03
   6.80503573e-03  9.23443348e-01  1.49710786e-02  3.40251786e-04
   9.28887377e-02  6.80503573e-04  1.43926506e-01  3.98094590e-02
   5.81830555e-02  1.55495066e-01  7.79176591e-02  1.78291936e-01
   1.70125893e-03  3.50459340e-02  2.34773733e-02  1.08540320e-01
   2.31371215e-02  6.09050698e-02 -8.04911693e-15 -5.99520433e-15
   1.07179313e-01  8.18645798e-01  7.41748894e-02 -5.68989300e-16
   1.22490643e-02  3.47056822e-02  1.10241579e-01  8.84654644e-03
   8.33957128e-01  3.33066907e-16  1.00000000e+00  8.23993651e-18
   3.40251786e-03  1.02075536e-03  1.70125893e-03  1.36100715e-03
   2.04151072e-03  1.02075536e-03  6.80503573e-03  1.36100715e-03
   3.40251786e-04  1.70125893e-03  1.02075536e-03  5.10377679e-03
   2.72201429e-03  7.18283939e-19  6.80503573e-04  3.40251786e-04
  -1.08420217e-18  2.38176250e-03  3.40251786e-04  3.40251786e-04
   1.02075536e-03  1.36100715e-03  1.02075536e-03  3.40251786e-04
   3.40251786e-02  2.04151072e-03  3.40251786e-04  2.04151072e-03
   6.12453215e-03  1.02075536e-03  6.80503573e-04  2.72201429e-03
   3.40251786e-04  3.06226608e-03  2.04151072e-03  3.40251786e-04
   8.23993651e-18  9.02347737e-01  5.10377679e-03  3.40251786e-04
   9.94215720e-01  5.78428037e-03]
 [ 7.43353783e-01  4.06441718e-01  9.99488753e-01  2.18813906e-01
   1.10940695e-01  5.74130879e-01  4.80572597e-02  1.09406953e-01
   5.33742331e-01  1.01738241e-01  1.21165644e-01  8.58895706e-02
   9.75781955e-19  5.11247444e-04  1.38777878e-17 -2.42861287e-17
   3.46944695e-18  4.33680869e-17 -5.89805982e-17  1.09287579e-16
   1.06339468e-01  1.45705521e-01  9.43689571e-16  1.24744376e-01
  -1.55431223e-15  4.33537832e-01  8.23993651e-18  1.89161554e-01
  -2.05391260e-15  3.88548057e-02  5.11247444e-04  9.42229039e-01
   3.06748466e-03  2.04498978e-03  7.66871166e-03  5.62372188e-03
   2.55623722e-02  5.11247444e-04  5.98159509e-02  2.56134969e-01
   9.71370143e-03  2.55623722e-03  1.12474438e-02  5.11247444e-03
   1.64798730e-17  4.95398773e-01  1.68711656e-02  7.36196319e-02
   3.42535787e-02  9.20245399e-03  9.39161554e-01  3.42535787e-02
   3.57873211e-03  1.53374233e-03  2.14723926e-02 -4.16333634e-16
   1.53374233e-03  5.31697342e-02  2.86298569e-02  5.11247444e-03
   9.11554192e-01  1.53374233e-03  9.98466258e-01  2.71050543e-18
   5.62372188e-03  5.11247444e-03  1.53374233e-03  3.06748466e-03
   8.23993651e-18  5.11247444e-04  2.55623722e-03  4.60122699e-03
   3.57873211e-03  7.66871166e-03  2.55623722e-03 -1.51788304e-17
   1.04083409e-17 -2.03287907e-20 -1.89735380e-18  2.55623722e-03
   5.11247444e-04  1.89161554e-02  3.57873211e-03  5.11247444e-04
   1.53374233e-03  1.53374233e-03  3.57873211e-03  5.11247444e-04
   3.57873211e-03 -3.46944695e-18  9.75781955e-19 -6.72205347e-18
   6.64621677e-03  1.53374233e-03  1.02249489e-03 -2.08166817e-17
   1.40946282e-18  2.55623722e-03  8.69120654e-03  5.11247444e-04
   2.71050543e-18  9.04396728e-01  5.11247444e-04  5.11247444e-04
   1.26789366e-01  8.73210634e-01]
 [ 6.14273577e-01  4.23959218e-01  1.00000000e+00  1.64825828e-01
   8.07136788e-02  5.14018692e-01  4.24808836e-02  7.22175021e-02
   6.54630416e-01  8.19881054e-02  1.02803738e-01  4.58793543e-02
   1.19262239e-18  1.56125113e-16  4.16333634e-17 -3.12250226e-17
   0.00000000e+00  4.33680869e-17 -5.89805982e-17  1.17961196e-16
  -2.56739074e-16  3.74700271e-16  1.00000000e+00  9.71445147e-17
  -1.60982339e-15 -1.11022302e-16  9.75781955e-18  3.12250226e-17
  -2.19269047e-15  7.64655905e-03  8.49617672e-04  9.86406117e-01
   8.49617672e-04  8.49617672e-04  1.27442651e-03  2.12404418e-03
   5.26762957e-02  1.35525272e-18  6.03228547e-02  3.26253186e-01
   2.12404418e-02  8.49617672e-03  1.35938828e-02  1.61427358e-02
   4.24808836e-04  2.42990654e-01  2.67629567e-02  1.82242991e-01
   3.48343246e-02  1.40186916e-02  9.77060323e-01  1.27442651e-03
   6.79694138e-03  4.67289720e-03  9.77060323e-03  4.24808836e-04
   2.12404418e-03  4.46049278e-02  3.10110450e-02  3.39847069e-03
   9.18861512e-01  3.05311332e-15  1.00000000e+00  4.24808836e-04
   5.94732370e-03  4.24808836e-03  4.24808836e-04  2.12404418e-03
   4.24808836e-04  8.49617672e-04  8.49617672e-04  4.67289720e-03
   8.49617672e-04  5.52251487e-03  8.49617672e-04 -1.60461922e-17
   4.24808836e-04 -6.77626358e-21 -2.22261445e-18  4.24808836e-04
  -1.08420217e-18  6.79694138e-03  4.24808836e-03  8.49617672e-04
   3.82327952e-03  8.49617672e-04  5.52251487e-03  2.16840434e-19
   4.24808836e-03  4.24808836e-04  1.19262239e-18  8.49617672e-04
   1.31690739e-02  1.27442651e-03  4.33680869e-19  2.54885302e-03
   4.24808836e-04  4.67289720e-03  8.49617672e-04  2.16840434e-19
   2.71050543e-18  9.17162277e-01  2.54885302e-03  1.69923534e-03
   3.12659303e-01  6.87340697e-01]
 [ 3.51018974e-01  4.45888967e-01  9.99648630e-01  9.10049192e-02
   5.20028110e-02  4.03021785e-01  4.56781448e-02  1.22979621e-01
   6.59170766e-01  2.49472944e-02  6.57062544e-02  8.15179199e-02
   1.24683250e-18  6.93889390e-18  1.80411242e-16 -3.64291930e-17
  -1.73472348e-18  2.25514052e-17 -5.89805982e-17  1.24900090e-16
   6.78144765e-02  6.71117358e-02  6.48981026e-01  2.77582572e-02
  -1.72084569e-15  1.54602952e-01  1.08420217e-17  3.33801827e-02
   3.51370344e-04  1.71117358e-01  3.57786717e-18  7.02740689e-04
   2.14335910e-02  7.52986648e-01  2.95151089e-02  2.42445538e-02
   9.03021785e-02  3.51370344e-04  3.16233310e-02  1.91145467e-01
   1.01897400e-02  8.08151792e-03  1.05411103e-02  4.00562193e-02
   2.10822207e-03  4.17427969e-01  1.89739986e-02  1.16654954e-01
   5.30569220e-02  9.48699930e-03  7.77156117e-16  8.77371750e-01
   2.21363317e-02  5.23541813e-02  4.81377372e-02 -4.64905892e-16
   5.27055517e-03  3.93534786e-02  6.78144765e-02  7.02740689e-03
   8.80534083e-01  4.77512298e-01  5.22487702e-01  7.02740689e-04
   4.21644413e-03  4.56781448e-03  1.75685172e-03  3.86507379e-03
   1.40548138e-03  3.51370344e-04  3.51370344e-04  5.27055517e-03
   2.45959241e-03  4.91918482e-03  3.51370344e-04  3.51370344e-04
   3.51370344e-04  1.42301535e-19 -2.38524478e-18  3.51370344e-04
   1.40548138e-03  4.91918482e-03  1.75685172e-03  1.05411103e-03
   1.75685172e-03  2.81096275e-03  1.75685172e-03 -1.51788304e-18
   5.97329585e-03  3.51370344e-04  1.05411103e-03  3.51370344e-04
   7.73014758e-03  2.45959241e-03  7.02740689e-04  1.05411103e-03
   7.02740689e-04  1.75685172e-03  2.10822207e-03  7.02740689e-04
   7.02740689e-04  9.25860857e-01  1.75685172e-03  2.27682456e-18
   8.09908644e-01  1.90091356e-01]
 [ 7.18441420e-01  4.03255938e-01  1.98291967e-01  4.08326661e-02
   2.98905791e-02  1.61996264e-01  4.10995463e-02  9.18067788e-02
   7.61409127e-01  1.17427275e-02  4.29677075e-02  5.04403523e-02
   5.33760342e-04  3.14918602e-02  3.54950627e-02  9.34080598e-03
   6.40512410e-03  1.04083267e-02  2.34854550e-02  1.73472111e-02
   4.10995463e-02  5.12409928e-02  5.84467574e-02  4.53696290e-03
   4.14198025e-01  3.76301041e-02  5.33760342e-04  5.33760342e-03
   2.53002402e-01  6.35975447e-01 -1.84314369e-18  1.60128102e-03
   3.36269015e-02  2.58873766e-02  1.33440085e-01  1.69468908e-01
   2.80757940e-01  5.42101086e-19  3.22925007e-02  1.20896717e-01
   8.54016547e-03  1.89484921e-02  6.91219642e-02  1.95890045e-01
   1.76140913e-02  9.84787830e-02  8.00640512e-03  1.03282626e-01
   3.22925007e-02  1.38777689e-02 -3.44169138e-15  3.63223912e-01
   3.28262610e-02  3.70963437e-02  5.66853483e-01 -5.62050406e-16
   1.60128102e-02  2.24179343e-02  1.72137710e-01  8.00640512e-03
   7.81425140e-01  9.73045103e-01  2.69548973e-02  1.08420217e-18
   3.73632239e-03  8.00640512e-04  3.73632239e-03  5.33760342e-03
   2.93568188e-03  1.33440085e-03  2.40192154e-03  3.73632239e-03
   1.33440085e-03  7.47264478e-03  2.66880171e-04  1.86816120e-03
   2.13504137e-03  5.01443505e-19  1.33440085e-03  1.08420217e-18
   2.66880171e-04  1.06752068e-03  5.33760342e-04  1.06752068e-03
   2.13504137e-03  3.73632239e-03  2.13504137e-03  2.66880171e-04
   1.06752068e-02  1.06752068e-03  8.00640512e-04  1.86816120e-03
   5.87136376e-03  8.00640512e-04  1.06752068e-03  7.20576461e-03
   5.33760342e-04  3.20256205e-03  2.66880171e-04  1.06752068e-03
   8.00640512e-04  9.13530825e-01  1.33440085e-03  2.66880171e-04
   9.61035495e-01  3.89645049e-02]
 [ 6.98907956e-01  4.30577223e-01  2.16493490e-15  1.74726989e-01
   8.69734789e-02  4.67628705e-01  4.91419657e-02  5.92823713e-02
   6.84867395e-01  8.22932917e-02  1.00624025e-01  2.37909516e-02
   1.89735380e-18  2.06708268e-02  1.63806552e-02  9.36037441e-03
   2.34009360e-03  3.51014041e-03  1.13104524e-02  7.02028081e-03
  -2.63677968e-16  3.95516953e-16  1.13797860e-15  1.12757026e-16
   5.12480499e-01 -1.11022302e-16  1.45283091e-17  1.21430643e-16
   4.16926677e-01  8.19032761e-03  3.90015601e-04  9.82449298e-01
   1.17004680e-03  1.56006240e-03  1.95007800e-03  4.29017161e-03
   5.65522621e-02  3.25260652e-19  2.46489860e-01  1.85257410e-01
   2.61310452e-02  2.45709828e-02  7.02028081e-02  1.91107644e-02
   4.25007252e-17  4.91419657e-02  3.93915757e-02  1.43915757e-01
   3.78315133e-02  1.01404056e-01  9.77769111e-01  1.17004680e-03
   4.29017161e-03  4.68018721e-03  1.20904836e-02 -4.78783679e-16
   3.90015601e-03  1.75507020e-02  5.77223089e-02  3.51014041e-03
   9.17316693e-01  3.21964677e-15  1.00000000e+00  1.95007800e-03
   3.90015601e-03 -9.97465999e-18  7.58941521e-18  5.07020281e-03
   9.10729825e-18  1.17004680e-03  1.17004680e-03  1.95007800e-03
   3.90015601e-04  4.68018721e-03  3.90015601e-04  3.90015601e-04
   7.80031201e-04  1.76182853e-19 -3.14418630e-18 -4.66206934e-18
   3.90015601e-04  3.90015601e-04  1.56006240e-03  3.90015601e-04
   2.73010920e-03  2.34009360e-03  7.80031201e-04 -2.49366500e-18
   6.63026521e-03  3.90015601e-04  1.89735380e-18  3.90015601e-04
   3.90015601e-03  1.95007800e-03 -4.98732999e-18  1.56006240e-03
   3.90015601e-04  1.56006240e-03  3.90015601e-04  3.90015601e-04
   7.80031201e-04  9.50078003e-01  3.90015601e-04  7.80031201e-04
   1.66533454e-15  1.00000000e+00]
 [ 5.17170330e-01  3.92170330e-01  3.97664835e-01  1.23626374e-01
   5.97527473e-02  1.90247253e-01  2.88461538e-02  1.07142857e-01
   7.00549451e-01  2.95329670e-02  8.44780220e-02  4.73901099e-02
   2.06043956e-03  1.64835165e-02  1.85439560e-02  9.61538462e-03
   2.74725275e-03  8.92857143e-03  1.37362637e-02  1.37362637e-02
   4.87637363e-02  5.49450549e-02  1.90934066e-01  1.23626374e-02
   3.22802198e-01  7.28021978e-02  1.37362637e-03  1.78571429e-02
   1.94368132e-01  5.27355937e-16  6.86813187e-03  9.93131868e-01
  -6.59194921e-17  1.05471187e-15  2.08166817e-17  1.49186219e-16
   2.49313187e-01  1.24683250e-18  1.71703297e-02  1.63461538e-01
   1.09890110e-02  1.16758242e-02  6.04395604e-02  1.24313187e-01
   8.24175824e-03  2.11538462e-01  4.80769231e-03  9.13461538e-02
   3.50274725e-02  1.16758242e-02  1.44328993e-15  7.21644966e-16
   2.81593407e-02  6.86813187e-03 -8.32667268e-17  9.64972527e-01
   1.23626374e-02  4.39560440e-02  9.20329670e-02  8.92857143e-03
   8.42719780e-01  1.00000000e+00 -3.21964677e-15  6.86813187e-04
   6.18131868e-03  6.86813187e-03  1.37362637e-03  4.12087912e-03
   4.12087912e-03  6.86813187e-04  4.12087912e-03  4.12087912e-03
   6.86813187e-04  4.80769231e-03  1.37362637e-03  6.86813187e-04
   2.74725275e-03 -8.13151629e-20  6.86813187e-04  2.06043956e-03
   6.86813187e-04  1.37362637e-03  2.06043956e-03  1.51788304e-18
   4.12087912e-03  2.06043956e-03  2.06043956e-03  2.06043956e-03
   1.44230769e-02  1.37362637e-03  6.86813187e-04  1.37362637e-03
   1.37362637e-02  3.43406593e-03  2.74725275e-03  6.86813187e-03
   1.37362637e-03  5.49450549e-03  2.74725275e-03  1.37362637e-03
   1.37362637e-03  8.80494505e-01  2.06043956e-03  6.86813187e-04
   5.15796703e-01  4.84203297e-01]]